70 50 30
10,3 30 44 24 26 19 21 22 23
10,4 30 46 37 40 32 25 26 27
10,7 32 47 51 57 56 41 33 34
11 33 52 61 71 75 68 47 41
11 33 53 66 79 87 85 69 47
11,5 34 55 71 85 97 100 92 59
70 50 10
9,7 29 42 24 25 19 21 22 23
9,7 29 43 35 38 31 24 25 26
10 29 46 47 53 52 38 31 32
10 29 47 55 64 68 62 43 37
10 30 48 59 70 78 76 62 42
10 30 49 63 75 85 88 81 52
50 30 10
9,6 29 41 17 17 8 9 9,5 10
9,6 29 42 29 31 20 11 11,6 12
9,7 29 44 42 47 43 25 15 15
10 29 46 52 60 61 51 26 18
10 29 46 56 66 71 67 18 22
10 29 48 60 72 80 81 70 31
30 10 10
9,5 28 40 14 12 1,8 2 2,1 2,2
9,5 28 42 26 26 14 3 3,2 3,3
9,6 29 44 39 42 37 16 3,2 3,3
9,6 29 45 49 55 56 42 13 4,4
9,7 29 46 54 63 67 61 37 6,4
9,7 29 47 58 69 77 76 62 17
